0.6914
0.6835
0.6826
0.6799
0.6738
0.6699
0.6648
0.6644
0.6602
0.6504
0.6476
0.6447
0.6351
0.6341
0.6293
0.6287
0.6284
0.6266
0.6246
0.6232
0.6215
0.6210
0.6185
0.6161
0.6141
0.6129
0.6108
0.6088
0.6061
0.6057
0.6050
0.6049
0.6048
0.6036
0.6031
0.6028
0.6027
0.6027
0.6009
0.6005
0.5989
0.5973
0.5946
0.5922
0.5911
0.5910
0.5896
0.5893
0.5875
0.5867
0.5854
0.5848
0.5838
0.5836
0.5822
0.5798
0.5790
0.5759
0.5747
0.5745
0.5725
0.5713
0.5663
0.5660
0.5658
0.5658
0.5658
0.5657
0.5636
0.5627
0.5627
0.5624
0.5615
0.5605
0.5578
0.5567
0.5560
0.5554
0.5553
0.5539
0.5520
0.5517
0.5515
0.5515
0.5498
0.5487
0.5482
0.5478
0.5477
0.5476
0.5472
0.5467
0.5463
0.5459
0.5457
0.5444
0.5440
0.5432
0.5430
0.5430
0.5427
0.5423
0.5422
0.5420
0.5415
0.5415
0.5406
0.5404
0.5400
0.5396
0.5396
0.5394
0.5391
0.5389
0.5386
0.5382
0.5370
0.5367
0.5363
0.5363
0.5362
0.5349
0.5340
0.5339
0.5335
0.5330
0.5330
0.5327
0.5325
0.5314
0.5311
0.5306
0.5302
0.5300
0.5299
0.5295
0.5264
0.5262
0.5253
0.5252
0.5247
0.5244
0.5224
0.5210
0.5196
0.5190
0.5187
0.5184
0.5180
0.5173
0.5169
0.5160
0.5145
0.5139
0.5124
0.5122
0.5120
0.5117
0.5112
0.5112
0.5108
0.5108
0.5102
0.5101
0.5100
0.5099
0.5095
0.5095
0.5095
0.5086
0.5080
0.5076
0.5076
0.5075
0.5065
0.5056
0.5049
0.5045
0.5044
0.5036
0.5035
0.5025
0.5025
0.5020
0.5016
0.5012
0.5011
0.5008
0.4995
0.4986
0.4980
0.4979
0.4978
0.4973
0.4966
0.4962
0.4961
0.4947
0.4946
0.4940
0.4939
0.4935
0.4933
0.4932
0.4926
0.4925
0.4922
0.4919
0.4919
0.4912
0.4909
0.4905
0.4904
0.4891
0.4891
0.4890
0.4886
0.4886
0.4884
0.4877
0.4869
0.4861
0.4860
0.4859
0.4858
0.4856
0.4856
0.4846
0.4845
0.4844
0.4844
0.4843
0.4841
0.4840
0.4839
0.4838
0.4835
0.4834
0.4828
0.4826
0.4826
0.4818
0.4808
0.4808
0.4802
0.4801
0.4797
0.4795
0.4785
0.4781
0.4781
0.4780
0.4777
0.4774
0.4772
0.4768
0.4756
0.4750
0.4748
0.4748
0.4747
0.4745
0.4742
0.4741
0.4738
0.4736
0.4734
0.4729
0.4728
0.4724
0.4717
0.4712
0.4712
0.4711
0.4710
0.4705
0.4705
0.4703
0.4691
0.4681
0.4681
0.4681
0.4680
0.4678
0.4673
0.4672
0.4666
0.4659
0.4645
0.4640
0.4639
0.4633
0.4632
0.4631
0.4628
0.4627
0.4622
0.4621
0.4619
0.4617
0.4614
0.4613
0.4610
0.4608
0.4603
0.4602
0.4602
0.4599
0.4596
0.4596
0.4596
0.4594
0.4593
0.4593
0.4592
0.4589
0.4588
0.4587
0.4583
0.4583
0.4581
0.4579
0.4579
0.4575
0.4568
0.4564
0.4559
0.4550
0.4543
0.4541
0.4540
0.4537
0.4534
0.4525
0.4518
0.4515
0.4512
0.4509
0.4508
0.4508
0.4504
0.4497
0.4493
0.4484
0.4475
0.4474
0.4471
0.4468
0.4467
0.4466
0.4454
0.4452
0.4449
0.4448
0.4447
0.4441
0.4424
0.4423
0.4422
0.4420
0.4419
0.4414
0.4410
0.4409
0.4408
0.4406
0.4399
0.4397
0.4397
0.4393
0.4391
0.4389
0.4388
0.4383
0.4381
0.4371
0.4369
0.4364
0.4364
0.4362
0.4362
0.4362
0.4360
0.4357
0.4352
0.4350
0.4349
0.4345
0.4345
0.4339
0.4336
0.4334
0.4332
0.4332
0.4323
0.4323
0.4322
0.4304
0.4298
0.4297
0.4297
0.4296
0.4294
0.4292
0.4289
0.4287
0.4285
0.4283
0.4283
0.4279
0.4278
0.4278
0.4276
0.4273
0.4264
0.4263
0.4255
0.4251
0.4250
0.4249
0.4246
0.4244
0.4241
0.4231
0.4229
0.4227
0.4225
0.4222
0.4218
0.4214
0.4210
0.4209
0.4208
0.4207
0.4202
0.4202
0.4193
0.4186
0.4186
0.4179
0.4174
0.4169
0.4166
0.4161
0.4154
0.4152
0.4152
0.4148
0.4146
0.4146
0.4140
0.4138
0.4137
0.4135
0.4133
0.4127
0.4126
0.4124
0.4117
0.4114
0.4108
0.4102
0.4101
0.4095
0.4091
0.4091
0.4085
0.4081
0.4076
0.4074
0.4066
0.4064
0.4061
0.4056
0.4052
0.4051
0.4047
0.4039
0.4027
0.4024
0.4023
0.4014
0.4011
0.3996
0.3995
0.3993
0.3992
0.3991
0.3988
0.3985
0.3984
0.3982
0.3981
0.3977
0.3977
0.3977
0.3972
0.3962
0.3960
0.3955
0.3953
0.3950
0.3948
0.3942
0.3937
0.3934
0.3930
0.3930
0.3925
0.3925
0.3923
0.3922
0.3917
0.3905
0.3902
0.3901
0.3891
0.3885
0.3884
0.3880
0.3878
0.3870
0.3864
0.3852
0.3850
0.3849
0.3847
0.3847
0.3840
0.3838
0.3835
0.3834
0.3833
0.3831
0.3831
0.3826
0.3825
0.3816
0.3816
0.3814
0.3810
0.3807
0.3805
0.3804
0.3804
0.3798
0.3797
0.3796
0.3793
0.3793
0.3791
0.3789
0.3789
0.3788
0.3779
0.3776
0.3772
0.3763
0.3762
0.3760
0.3760
0.3756
0.3739
0.3738
0.3729
0.3728
0.3720
0.3718
0.3718
0.3715
0.3713
0.3708
0.3699
0.3697
0.3696
0.3690
0.3687
0.3684
0.3676
0.3670
0.3662
0.3661
0.3657
0.3656
0.3653
0.3652
0.3649
0.3649
0.3648
0.3646
0.3642
0.3641
0.3635
0.3631
0.3630
0.3628
0.3625
0.3625
0.3625
0.3623
0.3622
0.3620
0.3611
0.3610
0.3600
0.3596
0.3590
0.3585
0.3585
0.3573
0.3569
0.3566
0.3565
0.3564
0.3562
0.3561
0.3552
0.3551
0.3539
0.3538
0.3536
0.3534
0.3525
0.3523
0.3515
0.3511
0.3505
0.3505
0.3499
0.3497
0.3495
0.3490
0.3489
0.3486
0.3481
0.3468
0.3466
0.3465
0.3462
0.3461
0.3458
0.3457
0.3456
0.3453
0.3452
0.3452
0.3449
0.3447
0.3446
0.3445
0.3441
0.3441
0.3429
0.3427
0.3424
0.3421
0.3415
0.3415
0.3411
0.3400
0.3399
0.3398
0.3398
0.3392
0.3378
0.3373
0.3363
0.3358
0.3349
0.3347
0.3346
0.3346
0.3346
0.3342
0.3340
0.3329
0.3326
0.3326
0.3325
0.3322
0.3318
0.3317
0.3315
0.3314
0.3299
0.3299
0.3288
0.3284
0.3274
0.3269
0.3266
0.3261
0.3254
0.3254
0.3253
0.3251
0.3248
0.3245
0.3241
0.3240
0.3239
0.3229
0.3220
0.3219
0.3219
0.3211
0.3210
0.3206
0.3204
0.3202
0.3199
0.3192
0.3185
0.3184
0.3181
0.3179
0.3173
0.3169
0.3154
0.3153
0.3151
0.3148
0.3144
0.3140
0.3135
0.3134
0.3131
0.3111
0.3098
0.3096
0.3091
0.3091
0.3088
0.3074
0.3068
0.3062
0.3057
0.3057
0.3042
0.3030
0.3026
0.3025
0.3012
0.3012
0.2996
0.2988
0.2985
0.2973
0.2970
0.2969
0.2961
0.2961
0.2959
0.2959
0.2943
0.2942
0.2929
0.2929
0.2924
0.2920
0.2919
0.2897
0.2894
0.2886
0.2882
0.2873
0.2870
0.2869
0.2864
0.2856
0.2848
0.2837
0.2803
0.2793
0.2758
0.2758
0.2755
0.2748
0.2722
0.2713
0.2711
0.2699
0.2692
0.2665
0.2648
0.2620
0.2610
0.2608
0.2607
0.2599
0.2594
0.2563
0.2563
0.2557
0.2550
0.2545
0.2536
0.2492
0.2486
0.2475
0.2475
0.2474
0.2471
0.2463
0.2458
0.2446
0.2420
0.2409
0.2406
0.2397
0.2376
0.2369
0.2352
0.2346
0.2342
0.2267
0.2240
0.2238
0.2161
0.2156
0.2150
0.2150
0.2145
0.2047
0.2034
0.2004
0.1977
0.1964
0.1964
0.1962
0.1940
0.1928
0.1920
0.1822
0.1767
0.1751
0.1678
0.1498
0.1486
0.1305
0.1156
0.0997
0.0933
-0.0272
