0.7012
0.6914
0.6849
0.6843
0.6670
0.6636
0.6622
0.6470
0.6445
0.6442
0.6358
0.6342
0.6330
0.6327
0.6317
0.6312
0.6303
0.6263
0.6222
0.6220
0.6199
0.6190
0.6160
0.6134
0.6020
0.5979
0.5974
0.5907
0.5906
0.5896
0.5845
0.5803
0.5790
0.5786
0.5779
0.5771
0.5747
0.5740
0.5737
0.5728
0.5693
0.5674
0.5667
0.5637
0.5623
0.5610
0.5609
0.5579
0.5577
0.5553
0.5533
0.5533
0.5521
0.5501
0.5497
0.5491
0.5486
0.5478
0.5478
0.5467
0.5459
0.5452
0.5444
0.5426
0.5419
0.5414
0.5386
0.5381
0.5378
0.5374
0.5369
0.5353
0.5332
0.5330
0.5323
0.5322
0.5303
0.5300
0.5290
0.5274
0.5272
0.5269
0.5242
0.5216
0.5185
0.5171
0.5162
0.5157
0.5121
0.5113
0.5096
0.5089
0.5077
0.5057
0.5051
0.5050
0.5035
0.5030
0.5006
0.4989
0.4979
0.4979
0.4973
0.4962
0.4957
0.4955
0.4936
0.4933
0.4923
0.4922
0.4922
0.4919
0.4907
0.4907
0.4907
0.4906
0.4905
0.4901
0.4890
0.4885
0.4872
0.4855
0.4855
0.4850
0.4849
0.4843
0.4840
0.4833
0.4832
0.4832
0.4816
0.4812
0.4804
0.4778
0.4776
0.4771
0.4764
0.4762
0.4759
0.4758
0.4757
0.4738
0.4734
0.4730
0.4718
0.4718
0.4712
0.4711
0.4708
0.4706
0.4703
0.4702
0.4697
0.4697
0.4689
0.4689
0.4684
0.4683
0.4682
0.4672
0.4671
0.4669
0.4667
0.4667
0.4662
0.4657
0.4653
0.4629
0.4624
0.4622
0.4622
0.4621
0.4621
0.4618
0.4608
0.4604
0.4598
0.4579
0.4575
0.4575
0.4558
0.4557
0.4556
0.4554
0.4551
0.4543
0.4539
0.4538
0.4535
0.4527
0.4519
0.4516
0.4513
0.4501
0.4496
0.4494
0.4493
0.4492
0.4489
0.4481
0.4476
0.4475
0.4472
0.4459
0.4457
0.4452
0.4451
0.4447
0.4444
0.4443
0.4440
0.4436
0.4430
0.4430
0.4429
0.4428
0.4426
0.4421
0.4411
0.4406
0.4403
0.4399
0.4387
0.4381
0.4377
0.4372
0.4368
0.4367
0.4361
0.4359
0.4359
0.4356
0.4349
0.4345
0.4345
0.4344
0.4339
0.4330
0.4326
0.4318
0.4306
0.4301
0.4299
0.4295
0.4292
0.4285
0.4284
0.4283
0.4281
0.4274
0.4269
0.4264
0.4263
0.4263
0.4258
0.4257
0.4256
0.4255
0.4248
0.4245
0.4220
0.4220
0.4216
0.4214
0.4214
0.4214
0.4210
0.4208
0.4201
0.4199
0.4198
0.4198
0.4196
0.4192
0.4186
0.4186
0.4184
0.4183
0.4172
0.4166
0.4164
0.4159
0.4157
0.4153
0.4152
0.4152
0.4145
0.4143
0.4135
0.4127
0.4126
0.4125
0.4124
0.4121
0.4116
0.4115
0.4115
0.4112
0.4111
0.4110
0.4109
0.4104
0.4092
0.4090
0.4089
0.4088
0.4087
0.4082
0.4081
0.4081
0.4075
0.4068
0.4068
0.4065
0.4065
0.4061
0.4059
0.4058
0.4056
0.4054
0.4043
0.4039
0.4038
0.4036
0.4030
0.4025
0.4025
0.4017
0.4017
0.4016
0.4010
0.4005
0.3997
0.3996
0.3989
0.3984
0.3983
0.3974
0.3973
0.3971
0.3971
0.3961
0.3961
0.3961
0.3953
0.3951
0.3943
0.3937
0.3934
0.3933
0.3933
0.3932
0.3932
0.3931
0.3924
0.3913
0.3910
0.3908
0.3904
0.3901
0.3898
0.3893
0.3885
0.3882
0.3881
0.3878
0.3877
0.3875
0.3873
0.3873
0.3872
0.3871
0.3869
0.3868
0.3861
0.3859
0.3855
0.3851
0.3849
0.3845
0.3840
0.3837
0.3835
0.3832
0.3828
0.3826
0.3817
0.3813
0.3808
0.3804
0.3802
0.3802
0.3798
0.3792
0.3782
0.3778
0.3773
0.3772
0.3769
0.3765
0.3765
0.3761
0.3760
0.3743
0.3741
0.3740
0.3737
0.3717
0.3712
0.3711
0.3710
0.3708
0.3703
0.3699
0.3697
0.3681
0.3680
0.3677
0.3674
0.3669
0.3664
0.3662
0.3661
0.3658
0.3657
0.3654
0.3651
0.3648
0.3648
0.3644
0.3634
0.3632
0.3623
0.3617
0.3617
0.3615
0.3599
0.3598
0.3597
0.3596
0.3593
0.3592
0.3592
0.3589
0.3580
0.3577
0.3570
0.3569
0.3569
0.3567
0.3564
0.3562
0.3561
0.3557
0.3551
0.3548
0.3547
0.3541
0.3539
0.3529
0.3527
0.3522
0.3522
0.3520
0.3520
0.3519
0.3519
0.3504
0.3499
0.3499
0.3498
0.3496
0.3496
0.3491
0.3491
0.3485
0.3482
0.3482
0.3480
0.3477
0.3470
0.3465
0.3462
0.3460
0.3457
0.3437
0.3434
0.3434
0.3430
0.3428
0.3428
0.3427
0.3426
0.3425
0.3414
0.3413
0.3410
0.3408
0.3406
0.3402
0.3401
0.3401
0.3396
0.3396
0.3395
0.3392
0.3392
0.3390
0.3388
0.3387
0.3387
0.3381
0.3360
0.3348
0.3345
0.3341
0.3340
0.3337
0.3330
0.3326
0.3325
0.3325
0.3313
0.3309
0.3308
0.3308
0.3307
0.3304
0.3303
0.3303
0.3302
0.3288
0.3283
0.3283
0.3282
0.3280
0.3276
0.3271
0.3270
0.3268
0.3268
0.3259
0.3258
0.3251
0.3250
0.3246
0.3246
0.3235
0.3230
0.3227
0.3225
0.3212
0.3210
0.3202
0.3200
0.3199
0.3194
0.3192
0.3185
0.3182
0.3172
0.3168
0.3162
0.3156
0.3148
0.3147
0.3140
0.3140
0.3139
0.3137
0.3134
0.3134
0.3133
0.3131
0.3121
0.3115
0.3112
0.3110
0.3097
0.3097
0.3091
0.3082
0.3078
0.3071
0.3069
0.3069
0.3060
0.3057
0.3050
0.3048
0.3046
0.3044
0.3044
0.3038
0.3037
0.3037
0.3036
0.3031
0.3031
0.3024
0.3021
0.3020
0.3018
0.3011
0.3011
0.3011
0.3009
0.3008
0.3005
0.3002
0.2999
0.2988
0.2964
0.2962
0.2960
0.2959
0.2957
0.2953
0.2953
0.2951
0.2949
0.2944
0.2943
0.2938
0.2929
0.2921
0.2919
0.2917
0.2911
0.2906
0.2906
0.2904
0.2898
0.2895
0.2888
0.2873
0.2872
0.2870
0.2869
0.2851
0.2850
0.2846
0.2843
0.2843
0.2842
0.2833
0.2832
0.2825
0.2822
0.2819
0.2817
0.2816
0.2815
0.2813
0.2808
0.2806
0.2804
0.2803
0.2800
0.2798
0.2789
0.2781
0.2773
0.2766
0.2763
0.2760
0.2756
0.2755
0.2752
0.2747
0.2742
0.2736
0.2735
0.2731
0.2728
0.2727
0.2720
0.2717
0.2715
0.2713
0.2713
0.2704
0.2696
0.2696
0.2692
0.2692
0.2686
0.2680
0.2680
0.2676
0.2671
0.2668
0.2660
0.2651
0.2639
0.2625
0.2624
0.2622
0.2617
0.2615
0.2612
0.2605
0.2598
0.2596
0.2591
0.2591
0.2586
0.2586
0.2584
0.2573
0.2570
0.2569
0.2564
0.2551
0.2541
0.2540
0.2537
0.2537
0.2534
0.2530
0.2524
0.2522
0.2514
0.2511
0.2510
0.2503
0.2500
0.2488
0.2481
0.2477
0.2473
0.2468
0.2467
0.2465
0.2462
0.2449
0.2449
0.2448
0.2445
0.2439
0.2436
0.2432
0.2431
0.2431
0.2410
0.2408
0.2406
0.2403
0.2402
0.2399
0.2382
0.2376
0.2368
0.2350
0.2336
0.2335
0.2333
0.2331
0.2329
0.2325
0.2318
0.2309
0.2308
0.2307
0.2299
0.2297
0.2275
0.2274
0.2261
0.2253
0.2244
0.2240
0.2240
0.2229
0.2219
0.2217
0.2205
0.2202
0.2201
0.2196
0.2194
0.2177
0.2167
0.2166
0.2165
0.2161
0.2160
0.2149
0.2146
0.2143
0.2141
0.2140
0.2139
0.2134
0.2132
0.2131
0.2127
0.2107
0.2089
0.2069
0.2041
0.2041
0.2032
0.2030
0.2015
0.2003
0.2002
0.1990
0.1990
0.1985
0.1984
0.1977
0.1962
0.1961
0.1955
0.1935
0.1929
0.1925
0.1904
0.1902
0.1888
0.1875
0.1855
0.1842
0.1831
0.1830
0.1827
0.1790
0.1755
0.1747
0.1735
0.1730
0.1725
0.1621
0.1591
0.1584
0.1537
0.1480
0.1462
0.1428
0.1339
0.1302
0.1211
0.0397
